1799186
9143719
5002619
2555450
2858097
7872906
9738815
1283014
8456680
4199202
4973474
5318039
1371523
7519355
6751304
1377552
5373811
4609569
4439631
7741485
4442470
7021130
8419791
2240290
8262158
9965383
9612982
6933244
4197557
6140604
5204046
8399828
4799525
4931167
9383629
9486867
5941376
6930757
8631634
7067403
5690097
9119499
2882325
4929257
4095642
9829165
7608380
9173854
8282254
4678184
6375008
4361812
4521362
3790843
1801521
6017838
7441527
5971828
9136847
8271531
2117138
1131863
4811908
2214552
5320495
4204840
9728654
6711860
6376717
6367549
5802800
6559033
8022268
2044022
2452350
9022895
5769424
5230717
2987909
5348460
6259488
2258807
9179027
9464821
2975441
3027451
4588096
1149524
3289380
7000971
8604178
3361789
7771332
6170807
8085101
3760076
9768806
3653583
5063874
8772163
3772175
1450490
7821265
6227796
8511743
6679125
4837094
5387502
3027909
3195922
4906402
2745690
6760748
6481727
5849785
9773470
4458101
5487973
8780696
6530973
8797428
3651906
4442412
7890318
2252372
9915313
3171337
4130187
7960235
9553188
5226627
2353759
4702257
7654370
5336702
6149584
5854375
8133243
5785250
7658104
2558497
8088192
9204226
8934422
1385109
5477905
9440446
6305575
9008280
2599026
4923224
7651746
7505172
5700774
5364317
3813221
1790130
7497793
4231522
5757250
4634923
7170082
6024260
8340370
9283138
1623365
1869798
4285972
1910851
5615269
2479037
5621799
3819518
2269437
5018310
2045722
8073367
5770846
7803025
1237964
9787230
5838872
4055630
6786935
3387477
8861645
9165486
1637967
1219317
4424822
6510141
9192290
3902883
2474732
9337495
7904328
8753907
7154681
8238280
5488289
5847534
9053946
7740831
5708882
8570866
4313848
1324764
4895825
7878151
8244557
5236984
2437681
2059801
8126049
8317942
8740824
4435431
1990938
1981541
1218614
3959564
5070678
9700991
5635905
2828645
4051286
4320171
4650878
8575571
8568631
9334863
6154240
9984345
9211798
1964602
7722222
4489310
4740157
8341015
2565627
2945550
3557438
5822846
7667323
2986889
9631570
6266204
6426564
2715623
7463165
4462861
3931486
8916886
3792673
7662517
9174788
5385357
5975901
4561132
2433899
1199058
3540335
2609567
8421153
9832112
3581319
1932522
7724504
8358068
9816050
2697839
3543242
5925067
6314082
3373577
6806156
5860146
8310547
5954170
4965681
3579087
6211802
6828419
5535542
6937747
7361946
5254220
6903623
9805265
8698605
6477848
5631539
2415219
5226683
9093745
9137022
9468776
4256282
2489137
5753700
1883499
1353705
8477166
9249166
3994200
1418807
4784319
2904822
3906607
7213994
6095436
1380193
3795860
5735380
1168145
9234308
5891650
9677890
6491135
4490406
2237616
9509592
5457148
4274711
8385836
9875668
1596850
4502269
8951139
3173197
7378350
9181575
1205956
5567852
4696068
7836360
4087917
2279726
6396537
7983412
1282725
9838009
9719437
5122293
9443182
7711020
3885413
2693719
7036886
2837206
7581964
4836874
9350699
9634575
7553889
2485404
1675695
9027560
1875065
1344450
7478613
1407402
4430184
5958875
4699618
1443006
7402567
5133231
6934925
5945530
2782569
3220288
5556020
5325915
6837238
5481261
3171245
6923871
5416184
7802170
7091253
6800298
8967044
3915445
8575956
7790706
3361094
2980763
8594264
5027022
8304929
9183752
8317375
3556774
9930426
4838750
5201567
4131571
3430264
1456162
4457286
4076938
2798290
4518637
1859882
6330102
9170679
7214092
3681813
7685281
1836345
5748746
7355474
9835614
6974352
8221656
3629932
7236831
2645832
9004386
5419631
4252850
5544908
8933608
1526041
5657677
6265383
4953937
4740235
4863759
4587490
9736553
5779504
7060819
6216742
9248311
9582679
4951553
2391754
1350024
9187255
7171190
9603545
9112891
9759944
6905417
6205017
3774816
5005037
6931832
6983896
7145264
9058670
2504270
4423441
5588279
3164781
7068510
1305468
5424326
5585834
5066785
8283574
1554411
8980391
8772409
3357386
5748101
7995335
2420578
9482001
4118803
1384737
8008494
6277871
8217381
2457745
8482514
4155086
9775619
2234792
3217413
6987198
4663154
5686939
2376374
1607965
4252722
5466140
8996042
6584954
1735433
8437688
7241593
8909051
2445510
4643532
8144221
1251454
9671629
6884086
4715310
5778217
4505129
7453053
8354554
9038291
5821004
4350558
5638177
3486631
5847040
5878879
7111090
9093469
8406674
2509369
3097048
6571817
2340921
3464531
4480836
9799260
4940833
7805340
3618874
2880048
9580066
9605821
9217175
1189435
8285631
2901585
8277094
7325227
1429335
2826478
3500902
4358327
5542987
7458182
5136428
1650006
5077392
6835754
5518531
8779017
7747233
8418490
9487978
8332336
1606626
8044561
5949140
5959986
1463797
5279843
3025994
3673982
1917142
2190399
8355620
7910857
4689390
1752220
3291643
1790841
8576519
5367040
5954390
4356979
4717684
1431947
1591600
9489018
5337227
2277336
8448977
9392734
9656769
9170432
9960245
1573451
6924229
6517398
3048773
8314881
1539182
2630893
6492403
8019200
3189868
3038766
7486652
8634999
9604476
9611026
2721377
9883095
6832415
2542893
3898437
4882544
2715908
8487813
3480568
8136574
8636180
3180304
9289094
5929815
4200928
6429812
8577377
2359044
9570365
8866039
7064549
2662971
7522994
3927514
5729588
5331514
3038239
4730825
8891479
8201719
2944354
2496802
4951305
8305243
9503477
4489178
1580153
9867650
4813930
7596227
3828955
2600368
8468509
7550302
9390955
7203673
9712455
8049239
5705208
3801694
2914374
5003936
3602404
2789315
1816149
6020728
1995009
4957172
8821795
7881817
1120070
5519913
8820938
2674996
2707650
7412155
4095315
6538341
7521834
4088399
7835540
8149859
6487429
2142146
9911753
8116329
4301286
3805756
8294382
7357158
4427456
5378518
6705548
9300073
7296550
4027456
1645582
3744961
3395206
6470014
9051381
8442328
1162902
6653197
4750745
6722766
2523792
4920300
7401255
5238630
9195292
2374855
2634323
9223330
2139865
8628202
9895796
5272611
8694148
8547621
1242969
5302759
8659896
1676441
5202669
5394855
1943159
8473026
6640540
6245633
6740237
1929603
3303708
7037874
7759670
9501508
2596066
8699771
4102209
8779829
1596658
2311897
7897882
9282384
6318850
1990615
7089319
9224181
2397581
7244963
5709270
4396102
9360656
6969741
2361848
8984052
8002797
5022449
3479750
1295377
7845343
1679514
9818495
6219573
9387910
9905384
8537571
6971674
5241033
6450533
3182674
8773592
6856011
7955383
5461334
7751111
4672487
6326556
2659047
5786341
8645008
7898745
8310680
4923872
1595982
8813300
4831271
9220435
8648954
4881347
9034828
2432763
1557620
3945087
2303185
1200325
9623245
1331065
5461457
1510832
3939415
2410353
2760649
6562495
5864073
1463924
6776147
9160149
5519535
9009003
7553238
7962895
3188290
5386187
5796119
7860750
8163275
3961938
9220428
5716491
5953777
3930000
1938373
3133154
4073266
1316375
5897322
2225465
6490807
7678202
2207826
7126281
6191118
4235459
9235700
2585517
2975018
4270711
8249611
6115698
3986137
4150716
4158432
9138697
2265490
9870702
9897567
6804222
3347325
5282762
7140488
9701197
2816089
6330185
1174959
6112144
2292266
9677097
6274436
6792109
3373187
4756358
5646190
2469231
3013042
5208029
6008432
6775913
7005716
4539088
2597823
8022647
1769031
4802603
6044419
3627841
6354213
2355790
2282378
9368355
8059924
4161132
2191442
4223209
5136064
7087987
3948237
6045278
6745660
9778995
2000368
9345131
7996814
6105983
1648523
3023791
8647733
7012992
7808015
2188366
4947699
3515691
6555923
8171423
8743313
4575316
8364749
3387298
6922743
3120418
5183201
9569105
8660311
6945276
2840335
4611185
1880473
8357800
8391103
4112389
1803428
8553026
8776013
9830686
3056383
8141732
2182313
8861230
3041056
7520396
8758738
1434295
4225832
5016487
9323579
8640830
3610917
6935815
3271492
8118273
2196886
7123281
2806027
1497548
4131346
4507047
6372333
7414061
2738129
5358034
7130515
4737765
4742479
6321303
1667464
1201473
4133160
3866555
3447581
7595967
1250934
8509570
5312441
2962017
2112648
3745706
1551209
3855143
2569943
5121020
4578218
9826455
5928149
4420799
4656834
9016631
5643978
9547014
4966507
2398407
3248056
8815336
5134309
8102384
1336457
7568953
1761320
2466778
2764463
3503014
8947237
2600545
9380169
5097683
7816199
3738485
6771101
7285510
7574541
2836870
6121268
9607709
1899872
3727599
2568549
9063625
8453916
1455449
6997017
9491691
7017538
7786322
3431754
9334354
4101604
7956497
2033273
7430617
8351367
1242118
5675845
5594499
7618849
4861798
4237707
2546281
7459005
7405268
5875367
7924264
8259849
7064842
5511868
8684341
6888778
2060461
2304724
3264656
3369132
7485082
2301797
3315244
6013124
9831983
4504775
3262414
8708875
7195075
4909473
2081196
5076259
8980158
6614334
5435930
1972814
2078780
5757038
5617939
9048185
2020212
2475207
5209617
4886623
9198313
1171689
5322597
5499812
8221434
3001057
5753271
9436400
5660513
2448033
7707986
5511472
2401625
3695985
3955649
4831069
9479302
5753535
3228476
2100011
9877140
3916726
8614629
2434964
4652254
7634569
9124877
3033816
7042932
2064117
3452165
3081418
1961341
9908909
8659133
9028710
2416744
1428872
8218996
8490144
5821803
5263720
9541276
3141650
6103073
7285701
2422420
9620750
9811749
3843821
5762678
6173410
6621071
3114874
7657703
5879833
8776871
5996211
5012630
2347559
2361001
2360256
3787717
1703631
7853542
3198435
7439797
2610310
9658501
9185916
8623359
2866228
8308810
3612273
5421674
4956667
4331095
8599928
3524369
7626049
8671359
8979698
4800082
8641112
8454587
2432905
3002392
9223721
5571168
4181789
5190797
8066565
5200985
1977135
5346791
8731329
3702262
5137023
1799554
2286202
3783494
4564640
6352460
4057795
6024685
9828760
4840365
1638846
9184835
6576533
7240075
5371847
1658795
9549181
1743853
7874685
1687376
1752926
8164274
7906524
8698894
3587203
6183714
4232689
2917813
3235378
2948572
8124502
6867477
3398888
4980887
7473076
6829751
9613337
2647919
8579542
1834663
1889241
7524133
6841562
6495905
9830557
6282662
1301356
4693564
2023089
1529344
5741233
8451443
2246875
4762532
1407355
3919138
7316899
1165654
4184930
8076331
5361009
1577836
1820874
3361481
4755959
1751897
6352596
1193509
7835881
1152149
9593673
9398426
9759019
9242907
9698156
7619574
1668752
4361474
3197545
2931350
9856529
2931134
1451837
9249597
7490317
4118305
7199879
1691868
3277056
8264331
6031640
8818391
3331878
3394437
6542390
4032046
2425485
5822751
9180693
1949687
8548269
5483763
7660186
9131333
6802516
6510886
9152797
9745486
3605732
9290242
8346406
1443560
7766223
3661424
9025841
4814348
2534939
2839086
9748601
9591755
4826598
7792745
3323220
9806647
5051815
5447582
7082997
9781397
4107640
7771916
2551099
7842756
7455216
8339861
2664128
4433920
8206270
9925608
3810998
8874082
7586127
2920715
3710504
7020751
8149868
5640467
8439652
5476663
1392039
7951852
4067148
5537019
3379842
6587458
2270211
5555875
9205865
9033275
1427576
1427331
1247492
7629339
5622101
9863945
8409958
5479790
4254300
8936697
1891686
5253978
2342336
4623262
6675231
9918611
2538734
8270774
8624141
5304240
2843577
1654027
5900944
8985467
9181577
8253405
5316009
8017633
3625114
3988407
6121239
8138224
6313713
1581950
1676389
1116580
6247069
2062459
7713063
4566069
7350362
8665384
7090030
9515672
1594234
7828351
3267781
6748020
5207553
9128720
4187384
9455142
2544431
9422593
7505092
4684762
6782613
1684477
5187398
2947327
5067071
6046361
6430962
5577674
5026778
9252487
2056917
8725131
7798913
6613528
4828697
1607203
7460080
6032692
7351580
5928303
2312494
2197498
7527117
1433332
9571900
3413231
3288918
6756935
8148360
1298477
2333329
7599359
5983094
7260663
1306265
9890453
4248532
7873715
5127276
8008094
9534380
7636399
3394118
1196698
7275616
7617525
1906190
8478184
2480788
6489097
1639311
4029634
6489441
8433500
8334752
8974325
6913620
8461633
3508076
7064003
8171548
5854809
8425107
1353811
1793759
4810771
3707105
6334400
6024658
3528028
9396978
8728810
8065715
8016403
5507067
5099116
9424337
7030779
4934700
7035733
4414056
2261442
8168219
9857360
6666668
8775067
9558053
8507277
2749985
3875034
8132922
5879041
5762583
2455322
7798357
5615719
7142807
9082037
8823237
9997332
2496900
2208635
1993462
4999776
3254756
4595102
1280010
3815120
2427918
1433680
4903733
1371267
1969228
8391129
8618873
7217638
3843906
9345516
4151019
6376779
2311695
8326219
7493180
7585676
2224297
8820539
5296679
6957102
8993599
2756802
7204000
8580410
7157514
3017521
1717346
1401269
5508478
1667864
1185115
8573721
6291940
5695193
4895013
4782699
5453778
3922661
2667688
5765694
5182478
6463274
7930641
7254791
5325142
6536378
2584965
2363130
2822585
4665274
9859552
3329648
5990183
8662229
3344628
7256187
9612859
2290579
1577758
3688715
5149274
6860802
9739310
3697797
9880196
4587032
5768581
5425139
6616973
1324945
4643547
5834754
7454170
3186919
8543643
4322087
9773978
2438951
3459995
9810038
3946830
4452140
5557557
3397201
3505800
5841208
7485415
3841435
2015735
4477971
6933764
3328460
4934631
5658156
2920136
6646500
3532976
8513012
2124818
7021514
6652327
6171091
8643901
3253862
9870127
3004931
5910576
2054180
2390676
3526864
9295928
7856802
3246972
1169398
2025398
5306593
5318391
3420081
3244156
9606364
7098060
5636435
6661040
1343972
6007330
6138292
6537849
9334298
2565595
6012942
9865586
3181407
3449270
1610968
6998757
4508648
6738047
3172160
8913962
2595277
7103800
9496365
4329500
9830475
8503727
8892544
8490638
7671195
5065284
3726373
9122732
7389877
3580625
9660085
1136700
8539011
4817586
4649503
1502235
1423821
8440568
9080117
7691277
4869937
7763320
5569614
2162580
2128962
9898845
7623908
1991879
3225864
7360635
3353703
6161466
4252003
1564107
7842870
7997722
5212840
1232015
7739570
6842267
9286263
3888246
9981802
4171641
8159921
1936516
1549315
4272418
7051782
7681640
6246627
8994943
9664827
7216292
2747133
6731490
9346187
4377614
9332570
2576759
5667284
7057880
2689935
2806905
9840255
4029773
6847323
6466961
8058401
9168531
9158606
6557054
9171051
1983045
5888006
9083904
2420146
2618361
1510825
3519375
8671699
1758428
5436137
9840977
5340560
8241113
5229048
7224168
4078373
8109721
8591428
8399549
6540838
9538038
3178573
9097350
1609982
4054833
1784489
1112841
8719445
6899634
6928268
7988302
6003301
2875865
5151277
9387743
6093520
2378382
7575133
5035345
7713401
4231731
8321550
3621018
5371014
4089995
5420373
3033474
9944203
8508046
6949538
6609474
1206816
9534270
7984657
6561064
8422626
7128905
6507700
4370443
5553194
6424562
5488530
2461917
2414371
3124436
8376509
9779354
1901761
7579454
7255952
8389468
2343860
2089178
5633031
1864395
3176808
5089119
4597775
8290669
7414297
3462517
4599936
3564918
8861187
3846308
9139116
6155187
5505169
5180443
8484518
1555426
2095187
8685901
5724089
8180985
7562433
7493715
8983212
3958879
2415157
1114332
3175103
1763718
4527569
1912627
2255708
8263987
3506148
1697794
7026680
3577960
9614148
2671924
9376321
1356846
8238923
3646610
2060144
6762171
6169174
2684813
9197831
4281301
5003439
1569865
4803535
5913074
3115328
5842507
4773547
5661445
6939188
2934367
2025874
7256267
9397173
4453224
8696896
2005823
7500371
3725834
6198046
3968673
2623384
4324141
1406791
8553124
8342372
3689111
3875635
6888733
3513197
9049159
8555252
9881500
8905202
6049645
8721382
2487937
3609774
4828411
2329134
4837032
9873374
2843280
9118995
9741015
8861445
2189546
6513015
4852607
4292194
1212084
2035086
5740115
6616844
7852666
6753536
1762561
7883982
7117148
1189203
4722129
3852743
1953683
8070428
9090835
8602825
1920278
6863671
6819676
1513372
4149452
7050970
1663817
3333204
1495729
8714556
3720665
6402594
4047852
1902707
4297962
5028532
8255229
6949885
6985480
8091443
2815113
4519973
3937519
5045967
3674690
2194490
4010700
2232843
4470498
1859772
5448304
2197798
4193053
1544723
7072313
4844166
1667481
8475762
5030966
8175705
3832641
3738663
6925546
2950656
2755670
5615824
4579413
7650211
2389162
2797661
2692959
8643207
4383976
9655967
9201161
1912730
5385446
6471230
7763398
4427425
4373205
3870848
7635179
1220664
8191906
3780180
3829132
4269805
1144751
2130380
5790417
8271513
2832300
1810894
1420549
9873006
5002199
6088479
5961829
6458629
2807067
9886072
1532345
3840892
4196965
4040336
4357692
2866449
8230626
8433628
9847198
7635004
8632930
6051606
3999501
8373353
9292620
4109786
6112024
1576411
4471699
7993667
8565663
8612088
1190756
7635945
2351986
6465551
5961556
5018488
9410203
6417173
6683653
5840399
8085946
5712789
1280599
1258383
2852851
6212535
4553125
7962213
4864913
3527688
2765795
1542166
5343627
1177904
9923010
7480341
3167790
6354241
6532825
3769509
4595169
2866202
1829904
4047707
6757433
4639356
5462393
5300644
6332304
8633057
7799800
9826872
5735244
3989277
9007042
4165422
1460920
3938981
6430427
5238522
3647441
5316474
7451134
6728050
4445937
5972685
2535199
8504781
1633928
2952173
7594550
4953614
2569559
4472204
5328517
2265808
6932259
7387814
3708809
9949189
7473547
1562012
2185324
3910045
5011980
7412939
9325650
3575661
6025964
2053694
9956732
5608876
7063098
1579959
5185293
7593142
7083863
4014721
7780889
2970211
8701075
1235978
6489382
2868096
2136055
5099954
2385661
1791441
5857218
1657542
7505386
6678292
8253900
4361621
7114418
5427241
9010399
8002364
1185569
9629270
2949808
9341267
6627645
2397172
4377228
4203197
6499158
9142657
1737246
7269153
3609158
4564665
9526658
4429702
2851253
8589442
5139260
5479426
3985286
1794538
7341892
3278291
9434936
8396038
5010499
6133320
5976748
9373274
3277678
8210293
1911839
8763215
5331172
3644262
5174185
2594386
8413635
3395801
9791609
2215120
4669925
9857044
2515394
3038611
4552331
7699070
5520151
5806176
9528466
5567247
7526554
5155169
1232335
2529340
3949886
8386512
5742533
3363996
4967347
5013301
6227943
4184283
2508264
2881293
7710095
2095109
1742306
2403265
3886309
4121152
4487168
4606318
4956399
1295429
1159715
5599810
8416987
3127539
5754984
4991632
6707002
9454181
9437732
8258277
7799241
3024732
8938954
8712385
4644876
9774695
2208905
2197926
8182866
9087549
4922472
1243315
1822746
9936523
5787960
6552719
6548960
5309959
6924448
5153221
5218022
5133798
9311565
1693881
8375351
1333769
8874432
5528750
6835627
5896060
2256367
7741291
8353417
4681960
9535341
6213802
1670941
6860056
4439409
3240508
3322288
9024807
4076897
7997701
8369774
5524173
5137605
5436579
2089406
5452154
4869718
5284112
4913038
1943361
7128045
8801612
9472973
4472279
9482927
4979555
9639251
3267671
2447942
8413980
4411277
2309007
2812545
9324617
7467230
6060330
9603414
6474790
6862968
1337618
7059723
4575094
2055592
8191200
9050464
1543155
6011362
5770122
4507334
1911767
9464197
1960727
5371845
5174222
9297133
8026522
5177993
5798572
5426296
4988528
6398879
9520485
6053340
4163535
1668250
6820014
1464373
1186867
9820348
4472449
4134365
7661678
7310883
8514000
7402683
7332094
8220552
1629701
5699056
8109880
5312123
9101657
8029946
9204275
3568455
4524047
5057795
2049564
5369979
8402661
7790753
8048729
1289971
7200408
9211059
3101119
4998927
8507538
1377297
1897377
4626759
7241547
9419747
9048838
3588456
4068848
9150019
6301501
7592316
7465081
3470536
8387783
2819574
1305689
3805675
7811846
4538934
9801665
6310438
2399192
2278059
9801837
2931835
7524934
1187842
1589258
2365348
6259678
2047248
3151363
6424381
5438499
8758808
9081220
1299620
7835005
4341018
9950787
5222672
6060709
4838760
2121489
4676771
3614616
1565408
9543261
2282274
8739858
6549018
6431086
8688714
1496353
7828982
3738489
1252033
8777880
1994342
2659781
9763067
9688847
4814064
8157171
2881124
3268187
9783353
4131330
7735741
3774064
5485346
4175115
9105229
1284527
2926036
8808474
2990211
9243212
5993984
9188999
9227216
5117920
7815521
8270601
7609466
7156223
8087231
7732377
5915210
7119123
3158425
2629276
7175188
1319917
6941667
1197765
6913724
7193549
2432985
3202154
6169157
6883655
8920869
1390970
3600203
5584028
4737375
8634058
2297413
6033308
9176003
1242226
3570029
1504109
7131293
1483742
2453061
7589070
3375178
9590758
9386374
7198698
2776189
8266958
7166633
3360901
5400254
2608862
9657703
5869574
2191284
1464533
4972841
5284739
9262555
1778042
7945398
6659203
9865604
1714106
2785642
9799432
8403759
7009993
6267961
1342877
3742758
9203722
3528836
8179012
5247846
5186454
4890593
7268766
6743194
8482062
4416669
3664833
6064463
8416586
5415190
8499964
2417362
8790312
9372803
6969694
6975172
5189469
5102155
2214286
8444114
8010926
9117224
2589747
7702986
4972499
8916711
2008594
8753388
2149277
4785586
8701836
2219352
6551469
6133725
5767649
2032324
8072314
4083362
8168623
7630833
6896109
9942108
3594407
2656346
9106227
2047612
8394156
3759761
1755728
8740273
6236988
1416773
8997315
2944874
6056372
2404124
1698530
3935002
7979467
9940721
5007654
3318788
1249024
9818782
3942690
5450605
8367561
3918964
1623745
5260357
4095071
8276857
2029371
7806124
1793549
5868033
1306348
9284812
7410630
1448233
6315944
1942523
5464767
7913270
3605395
3556268
3906465
8769100
1732696
2688905
9361328
1146260
4139478
4143261
3444717
9752577
6936014
8234306
8464821
6856851
1387903
7274426
3325807
8304149
6797606
1351500
8883300
9190131
6827177
1606944
3617194
9489537
9999094
4320888
4089730
8079684
8692494
4529044
3380829
6540550
2476660
6147118
3428585
3031096
5295572
4149725
3618529
7043857
8446818
3042319
6887407
9099835
7118735
7022242
8851715
5288803
3606055
7749995
2900271
8991951
8991652
9006953
7646217
2171396
6357304
7961034
5859060
1593230
5306851
7028695
6982853
2747110
7517254
2512655
6138969
2985876
3861127
9296278
9844662
6006110
1194358
6470610
5554152
8180032
2993483
4921922
4740405
4270450
2965646
7930843
3663961
8594903
8622815
1704987
5246609
6435751
7446311
6880687
2808572
7877443
5885501
8136592
7564155
3469231
8858071
9513051
7885988
5684840
3445519
6617081
5642639
4886067
4483666
1431111
9153595
9924118
6093034
1390975
5090090
4966430
9033365
7022015
3990241
6033293
5420816
9270773
3699780
6447595
5216504
6873314
4522705
8275976
4412184
1159562
1119389
3276620
4417223
8674760
3800984
2486554
8660229
5456041
2074291
9418167
5428688
1441759
1536934
8393906
3715746
3682485
8390254
5869268
6388544
2570629
3370231
1113297
9435626
7616391
9607939
2851997
2464740
2032429
5884204
7373988
4437689
2626956
5079326
7133931
7391455
6001928
2407936
8491780
1407025
1592647
6824389
3731128
3199788
9722282
8877629
5230973
8363736
7691682
8726024
2274206
6506703
8766605
2389610
4803104
6658514
6058708
4633227
4191606
4651696
2634670
9437283
4284059
9122082
1777573
1884584
9854396
4783923
9704764
9201599
9271138
3839794
5773469
1682908
8497534
1628751
3396308
3009280
6873260
6343123
7040630
1400283
3846941
7461773
1849970
5702137
2601953
2685931
1838455
2543893
7269009
9260221
6216200
9621073
2543648
5754645
7977784
6067414
2334906
5733528
6530624
4260998
2352134
2099143
4986601
8131325
8973473
1999352
7570821
9252818
3734540
6189007
8451978
8072152
3538309
2625889
7938001
6844150
2786735
3792923
7157172
5947587
5677989
5751283
2827313
1511025
9654293
6583993
8397978
1825844
6101545
1205490
6627157
3018308
6502271
3196680
2608124
9857794
6191534
6951276
7382281
5034902
4321452
9866781
7482977
3968100
3945318
6050906
6901142
4090920
2695959
3626460
9985220
9677032
2492679
3126379
5311404
3364528
6647758
9615824
1209730
8687796
1521269
5357387
6353505
3691508
4294521
2618634
6471813
3484097
3030778
8615314
8662249
3674024
1686976
4400877
7215666
3545536
7931664
3146112
7613184
9336882
5565710
6065278
3920379
9432913
1402469
1354175
3748339
9836846
5662706
8770774
2876980
1906629
4090668
7347198
2724648
3969886
9212487
1724301
9262307
7529094
2612532
7405043
1936297
5150030
9576555
3956023
5925813
7784688
7371270
8929163
4735819
4748207
5780945
6972468
8311606
2326649
5084418
5115744
3683767
7078617
1247466
1734166
8259324
2680949
4668628
9554395
5410073
5859403
1700719
7736776
2532175
3581779
8763729
8895034
4745967
2423895
2199842
5516742
6365236
5919443
2533380
8970686
8535383
7626011
3426601
7808606
5606107
3503310
1872236
6784204
3892944
9454841
9387746
5722326
5417020
6876420
2403521
5347718
5210130
8006532
8280333
8896741
7681247
1760611
3401358
8418257
6101368
7171195
2142547
1944883
1773518
3828722
7645637
8651223
4765666
1667399
7426327
7215931
1798723
7915208
3723371
2578345
4616004
9235099
6571348
8433884
6191433
6857277
3288437
6447271
9731569
6326633
3730825
1997554
7587434
4193579
9240890
8199814
5864850
6819093
9819678
1469607
2467278
7463172
4446718
7055640
9650436
2595599
3911748
8998393
2968053
9704722
8197078
9810228
1918049
1493867
3605847
9156033
8004314
1543528
9290344
2210567
6403220
7164355
3503052
4289484
9347309
3919991
7729714
7124472
5672417
3518237
2909995
6702535
7174580
5864626
5665234
4843833
8925927
4450410
5579510
3042656
2617141
5289936
8350493
5619215
9438504
5629335
5824525
9728645
6601714
9393833
1315441
9622961
5071374
9585926
7470947
9045958
6271014
9787056
1487885
1469639
5439738
9624194
1766856
3253509
5905204
9327825
8677428
9798717
6763580
6399434
1868881
2881758
8323515
2781122
5365366
5331560
6689812
3027522
8174736
3601004
5459051
6735497
6882961
2108298
3793064
8463753
8868866
1256172
5331323
8870846
6184400
3584136
5696799
2454848
1933376
3385115
7892546
2210885
9023052
2124410
8566322
6560561
8885434
6327609
6870612
8164101
8394424
9233405
9360551
2177696
4055208
3999407
7061680
2438143
2882212
5092696
6092717
9062326
5326642
6223122
6884635
1467809
8733348
9196290
1595852
6910115
4231252
3220887
9899619
3668018
5832597
5560726
5418358
5600824
7392101
7280188
6820519
9298587
3807887
3937900
1462035
1386288
9185804
2300492
2309151
8011555
9609531
6558740
8360472
2423588
5977699
7846807
4289092
1834295
6185927
6165781
7899447
6809360
7881817
5001514
7216503
7810784
3715987
8423310
1547599
4121727
2883735
8801455
4203357
9263774
1746739
6810734
3619585
8988924
3766927
9159059
4260729
8594476
1815274
5745659
3839859
4303195
2385962
8730270
5554696
3915501
7341868
9076296
6359677
6065406
1245448
3730865
3243115
8355723
9341493
4941528
4692275
6229564
6786909
9207208
8068272
1688268
9949094
2428115
2734912
4965407
8863626
4356569
8496930
8562193
8096178
7832321
4778829
7971299
9265936
4600344
6378172
6870594
9209554
5167859
6069129
7339107
8905203
7538774
1815036
2990072
5636420
4186872
4116766
5761284
1330381
1600518
9380709
4149124
6273388
9535855
2043741
2527434
9208312
9032508
7932972
4882423
2390929
5521220
3143651
5244688
5057978
9471486
5955790
8197591
9171341
7572943
7908202
8323779
4001758
3404405
4523025
6563084
5369408
2874494
8802544
2838439
7015582
4042737
2766119
8019170
7174030
4998313
8410974
8909599
7480232
5706096
1315930
3010859
3236215
1744123
9030785
4502127
5248854
8258525
9174163
2594142
4188730
6101526
3317925
8710052
2243952
8471330
3488517
5091937
4235312
7549205
3296235
4848306
8684206
6836753
3841817
9553314
5900720
7362030
2121523
2778958
5592904
3569237
5532941
7168735
4120332
1777594
5034180
5620656
4857208
9664656
1211798
9547736
4423707
6251467
3716138
7320672
6883517
5692899
8290630
9970047
2945054
5301762
6403352
2173927
9573464
3258145
8937749
9800181
8131688
5912016
6271360
2896169
9620614
5600212
7139335
1448912
9760763
6849393
9642096
7724411
8873144
4749255
8154023
2983534
3381547
7387612
2545376
4494218
8246174
5946500
2871458
3905524
1190120
9444266
9408084
8616945
7944398
7084659
4228046
2616665
2264938
5203299
6646660
5871834
7232042
4948632
3898688
2182238
6251542
8683370
9921575
6358436
2162884
6759764
7638984
5503706
1473811
8801204
4941696
1167954
1138949
3472970
1321830
3474172
1913357
7342732
9506181
5966356
8354621
1779691
5470455
9737509
2899527
3225913
5429471
4823585
8607459
7726660
8951057
6217219
1389820
2296686
3063049
7303826
6194749
5126170
9037179
9124958
1931608
4475992
4633984
4821934
9335370
8669818
6108666
5472292
9173895
4978598
2322069
2677678
7022221
1980274
7341540
1731771
6077409
6847269
5836214
7584257
2257391
3031722
7175409
5881304
5496116
8535207
3495924
2849046
5622885
9169751
8953191
7795186
2915885
4400377
6152798
6464297
5676505
1326484
8672651
6306301
9973125
7699437
4930443
5878058
3235357
9379068
8646530
7872269
9901072
6986495
5257085
8721876
9887869
6140865
5986349
5687373
5316469
8167764
4137073
1811583
2709127
5149647
4297885
7298723
6572230
1312604
3619135
7201960
4025758
5472844
8800020
7288449
3409738
7221228
5008050
3397616
3885965
6765769
8120807
6793573
8364951
9065774
3278908
4701603
2800414
6573624
4539751
1605579
3628051
3673369
8386115
9967781
4402954
7373550
1425131
9186561
1941057
7895599
8144325
3120993
5208764
2563065
4019376
5188130
4344498
8700101
9817228
3956669
2873029
1820128
9833792
4779680
3475926
1865579
8699597
1796527
5381313
1220555
8395446
1207052
9432239
7378266
8877781
6492293
2877864
9473180
9145176
7261435
1336828
8920301
8456456
1132376
1367677
3833315
5643823
1801726
7681122
5825794
9900639
7743454
4122241
4378169
6587037
1335223
8780768
5666625
3834476
7099322
5265200
4398597
5760802
3546444
6939084
3456371
7363956
1134321
1863000
2140576
2139315
8901545
5870532
3412708
3156456
4495320
6319584
8494414
4691803
1808802
4106924
1707524
8558067
9568058
2549734
7163118
6158202
7940112
1709591
4909568
4766174
7316167
9796590
2499157
3783465
8077596
7862482
1339959
1298386
7652202
1753169
3889712
3880312
4529136
7268003
5476403
7896962
7063958
8818341
6006439
3207840
3570932
8749688
9154054
7168622
9975566
5894119
7661990
5105479
8894612
1483487
3610196
1322425
1387064
4537908
9997715
9747585
1227160
3882517
6051760
6944104
8329891
1300165
7202021
6652841
1535610
2238030
8119858
7267362
4795095
5925811
4465730
4045574
3716478
4911622
8557277
5653781
8315476
8144119
5225631
2069696
4550845
5825105
8076141
2034241
7009436
8731053
3677218
9499071
1961567
6173875
1457246
9705487
4823843
3079749
2049417
3672831
9001311
4537353
3765834
4715274
3500697
1353896
3225934
9256873
2238027
7319041
3874490
1810255
2675627
8041948
5985198
5871831
9954309
8361398
3679784
6983233
6885924
2100948
3889482
3234121
6809485
2421942
2254156
1521849
7804480
5917176
7507403
4763018
9855901
7730593
8727645
3062730
7613265
5795381
2242419
3499003
6444470
2914013
4433607
5528535
1139334
2961716
8332805
5162971
3286016
3612314
7661688
7757961
9479755
7601231
1545428
9584793
8078686
1613065
3463414
3823506
9404360
2062762
5309479
2280513
8667790
4330417
3942588
5406007
8172666
1478367
5686033
3920879
6682523
4741410
7126557
7696813
2889346
6854144
7197495
9376241
4427494
8082416
2856650
5118829
7205430
2935003
1623127
6339449
4710963
7335345
2815418
9012057
7834686
3438150
7339933
3492457
1902467
6481663
4834716
6806058
4783764
5116703
5212644
5965487
3405500
5584505
4149673
9716706
1828184
1491079
2243307
1502135
3050076
2676025
3959928
3889910
9197053
6198957
6273335
8017527
2344881
6450875
4498098
9181993
7160942
1315782
4127455
9783458
3873737
7646774
1660247
4995596
6884826
5842170
2815858
3570606
3088835
9750458
8790045
8592481
7002378
4567030
2056737
8723840
4391061
3534402
5072562
7996838
1348928
1180097
8400065
3755967
3363720
9208515
4909023
5434490
3915484
8473796
7470653
3892321
5871043
3349621
7922804
8267540
4237810
1332871
9439728
9795621
1176694
9760678
4609891
9184105
2162128
9402131
9842494
4566243
8967745
2261908
5367357
6135830
4332396
8228232
8209486
2965061
2233426
6633412
5010792
8278175
4506055
6481085
9742530
3803953
4997743
3924870
9785293
7617241
7511142
8286058
1801337
6429303
7520876
9833496
4420109
6711215
5267046
4786876
7193269
2379349
5485714
9719485
9413639
4598877
3534781
4183485
9433204
8119490
4315635
7453791
6094064
9130564
8966375
6660881
6533490
3532653
7179254
8555722
4113908
9725982
5163578
2270385
8598351
4295540
8425743
4424666
1243554
1556396
6682794
1879886
2131377
9747440
1278508
1514385
3909461
4130839
6421431
8004081
9278685
5269444
7368304
5116944
4872065
4137300
5861833
9157311
1363117
6920698
3948551
5215425
4845646
7430305
7836895
1298931
1447399
9725228
4641012
1856162
9138573
2879747
4165775
1279261
5777077
8390482
2129873
2042106
1507366
6698900
4182225
5848078
7179825
8948852
4064393
6181183
5931733
8629654
8042150
8141584
1450494
3191892
6189193
9000553
7378659
5325376
4189077
4019127
9750122
9566651
5792987
5395151
8393579
5686173
8668785
5718620
3536311
1364004
7912658
3025493
6159432
5836225
6633961
6177321
6555623
7450196
6245824
7391423
6676606
7404685
7025196
7384581
3319004
8259903
5404990
2224768
1379602
3626661
2335440
8372139
1544229
4608893
5855049
2477922
2777751
8964998
7773475
6921963
8232692
1598122
2366832
8222279
7719260
5687993
8949979
8097104
9999235
5430020
2241643
9456339
3045893
6866978
5598856
9661482
9031038
5505153
2876327
6759961
2134515
8836930
7969286
7523340
6122860
1828281
4131706
5595121
8661430
9748752
1172883
8296948
7839825
9618088
5218182
5544274
4904965
2889132
4660415
1673283
7228528
3546338
6460853
4210259
6955961
6873888
2562448
6267139
1999861
9249021
5114963
8647330
6931251
7205955
3085362
5526109
3832837
3511212
8646430
9072091
5970534
8489261
3543624
8358562
2710529
7290623
8378711
5587458
3162708
5234494
5798619
1950996
8975083
4460001
2333413
9649573
8491872
7136916
1392180
3905696
5224903
3594369
4149814
2806057
8556515
5272453
5168873
2354484
1563555
9041450
3184375
4128711
1313063
8744932
5272237
5144699
9755241
7017864
8709647
1119763
6329753
8405128
3928049
9699833
8187744
8601455
8903525
6710593
8181920
5207407
6588386
9627642
6616623
7426304
7133493
6631437
8039213
3342607
3069825
5564225
7347380
9806350
1665294
6991470
3688245
3427416
4861922
4618431
9606106
9959220
1781007
2708823
2567615
5936086
9841538
4794727
3847284
7103935
9183977
9781650
3659705
1709813
9829547
2270888
5718750
6620561
9857994
3578301
6770184
3691254
5407220
8411384
4509104
3423820
7736339
2380226
7573773
8550781
1133317
9431038
4556472
9937923
5276306
9355282
5114678
1264343
4738429
2601730
7804873
2813011
7357537
3926435
8551297
8264316
8599771
3792493
1327839
6166611
5459497
5872756
7386832
2796547
8890149
3157955
9764246
5707297
8002152
8480586
1868602
8795179
2264675
7041076
2004375
5905281
5300123
9818448
8514308
5060123
7965548
7379134
9801587
4634650
5527633
3811842
2018909
3667604
7421876
8699379
7050954
8904030
3792655
6135657
9733989
7204311
5324267
4605323
7323593
3525564
1658104
2836113
2700745
1749898
1831125
2825692
2037420
7564440
9438946
7398714
3016030
7282381
9087054
9946256
1448518
1133919
9123527
1248740
5854311
4498704
8296101
8853613
8020817
3810131
3593867
7485699
1179948
9638212
6148661
2833220
9519827
7012277
8588409
3965704
8953647
1804881
1354772
8194495
3299312
4929335
7058789
5140796
4534258
6971728
8605118
7508555
7202425
8032295
3114424
9955972
5476262
8857595
6576293
4691350
1769062
7847233
9492166
5802999
8573864
3591621
2218008
6030436
7461195
6404757
7343201
6730403
3088955
3240607
6957722
3017244
6738820
5435316
1811314
7608289
5808441
4015169
9256689
1755851
3308881
3489395
6560305
8506817
4310212
4123733
5957846
6998225
2451357
5495031
3353149
8366567
5155762
6503898
8776048
7791019
6858814
9964229
4888123
5511761
9347854
5599618
2680518
7478994
2254932
5394265
8006724
3080955
6572151
9944317
1261981
2714166
6962825
8822152
4068340
6314901
2560163
1557651
2819544
9275335
1965213
9440146
5022063
3520060
7412765
8846641
1149730
3504700
8790415
4543633
7259188
2028333
5202579
1577608
7235502
5930399
9033839
1686314
7768984
2698353
6670163
6363518
7096458
7803863
7559800
3465640
5833049
7786606
8693837
7592444
1967990
5769323
5416058
2602093
4068851
3263195
6932863
5898013
4026630
7001189
2368763
2760783
9734006
4251720
2787914
7540400
9114840
4741749
1384787
7852035
7969451
5700800
7718097
2087007
9676619
8881061
2904938
3276292
8914382
6750472
3518348
5249460
1663349
2317330
5925703
8621602
2369202
8397311
5430899
6769265
1567608
4669127
6426487
7736392
3674650
2128202
4213677
9356522
2756266
3824496
3425860
5848335
6936739
6024114
5994923
4628813
2128681
3804259
8686692
6611315
6463912
2394588
3042184
2845651
6445001
4061771
5276436
7555036
6502257
1481221
2896733
8688287
7940746
8700639
4919855
7405318
4411118
1157871
6200829
5255636
3577842
5455476
2069179
4870446
8404133
4272381
7619490
9068134
2770237
7454247
6910707
3370443
3790832
9311619
9452978
1564966
4659147
4602890
9266051
7471473
9346693
7512944
2983130
3280288
6756968
1714067
4099197
5836651
7662467
3724686
8494880
9425863
4901959
2435360
1704981
4644051
1301183
1350017
7450819
7572270
5962794
1330577
9188754
7033575
7953630
8431155
6964824
3570712
5456970
1908370
8387971
6890180
1621605
6758042
5260190
6188879
8137181
2945254
9311217
7836649
8115692
2257740
1183197
1870864
1301146
4449064
6177449
2659071
8443204
2793829
1583115
4513669
6451246
3985185
9331108
1977656
7434858
4983778
7088825
8792812
2481371
7906480
5120752
9321263
3265210
5173576
6073589
3550272
6240819
7521618
9761047
7836282
3829485
1402206
9856197
1506200
3544118
3211473
4900627
9955836
1501947
8819327
1944152
3802961
2550210
5011170
5454150
5729863
8703642
7861292
5584685
1404835
9167703
2070219
4076037
8108366
6219506
2090307
5979441
7836230
9226977
5507163
5845149
5636592
2440661
9494389
9333402
6502484
7863916
8702651
5848573
2899739
8980774
2656870
4059608
3962786
7258280
3386775
3024066
9976079
1641838
4229883
2099534
4250456
6430703
5654373
1249303
8816579
4017593
2085920
4020410
7082053
7440162
5368164
5483303
2014108
1732471
4579426
6664713
6077701
3583829
1597281
4824165
4130605
2528856
3390292
8289397
9414470
2865279
4457206
2540362
9279120
1471250
7210695
3741691
2262989
9062014
5017353
1160964
6505892
7482370
4033314
7268622
1116453
1201858
3787656
5285491
3394702
1853971
7923620
6689378
2529059
6470166
8130175
3248388
2715432
4110361
7778366
4456957
4977033
4655011
5322411
2590932
3077270
6488552
8925788
8857912
6170948
2773491
8300355
5805058
5007319
6676551
5014995
3862917
6974487
3045986
8952046
9843280
3549440
6112143
1222857
5198762
3971591
9776166
3290938
5974789
7242251
9256262
1912784
7103018
2820961
8775726
1328151
6186027
3160665
2966733
7061283
4301946
1562500
7505172
2439896
6442773
9890165
6944596
5955899
2661421
4590643
7068880
1118477
9703164
7126625
7637672
5338536
5815224
6361492
8625809
7053102
9821356
7561059
3019073
7062588
9730623
9628320
6458484
9433499
8505134
3872327
8100414
3196312
2608186
7562934
3704925
5077163
7873976
1545877
8904231
8588266
5359162
2904253
7789920
4288584
2404456
5016446
3674112
9739961
7651072
8512757
2699921
9414675
9176707
8123045
7584936
7849250
8266633
5654298
6899121
9431896
9579177
7527812
2634834
2681816
2017035
4413272
1469189
8155296
6852943
1384336
1487853
5350127
7331255
6863522
9127934
6166151
8640734
2072522
8838319
1685142
1828775
1849274
8845337
8674528
9349844
8079685
3219921
6276613
3587168
8328920
5826706
3348421
8405766
5986972
2322713
6568745
7039624
4609325
9616785
4928763
1860498
3473687
9508750
3764706
3317840
3911379
8160686
2310875
7010072
4980217
2865409
2143143
6507564
7594355
1468009
1873849
5172285
4029890
4708922
3278542
6773997
3543850
3088541
3160672
4710852
2879013
8731773
4798161
8480323
2244673
7683336
2072691
4858876
3949314
4051034
8174357
7195767
2756603
5339172
1288538
3545934
1455841
4322656
3278812
3882171
5362306
2388681
2853827
9519559
3165570
3824985
4826103
2882669
3978473
4544131
5259592
2657802
9169770
2847706
6566563
9571184
2388142
9911540
9460799
7617757
2095881
9583380
2260292
3548239
6772428
9656885
5190917
7306629
7612316
8067420
3481603
2416279
3328308
1379745
8598273
2624055
7721018
2332005
8401348
6119492
6952124
6765698
1133442
5672622
8426844
8243373
7193099
4839823
2750785
4687462
9889122
1780680
1367518
7904950
6592883
5566116
2668853
4070953
8166806
3140738
7831523
8994511
9202489
8945202
4458590
5756275
6576760
2253600
9938055
7442059
8361199
4720264
4605072
7166804
9064942
6549905
8321535
6484435
2010519
7057159
3361478
1348524
1392110
7878530
5903453
3113880
7307509
2213353
5492738
5820182
3874756
2019247
4756760
8773855
4229332
9445309
2087503
4909407
6671546
8661123
6314359
2736429
9052754
1831177
3940299
2823838
8855500
3850916
9439576
4518287
7869917
3821377
4417617
9812809
5242332
2286349
4930054
4606146
9752577
9523860
2002512
4895142
3441634
3301363
6056691
1441158
3298256
3526999
3316110
5790004
1729043
9546520
7892032
9621668
3653783
2702139
5655532
3919614
8468270
9112258
1112784
4982888
9771678
5881796
4247939
2382924
3130596
7529937
3134328
5908617
3021327
8561494
9784734
3058806
3873591
1142857
4101785
5674989
4994091
3492325
8979435
8205681
8759786
3616938
5393697
6825758
8671737
6534294
4041272
5597856
1201204
8056641
3828448
7304767
6898481
7516126
5518462
5577764
1206731
5229386
2622358
7987443
8524557
6911370
4772422
6313519
3765354
4167317
1418934
6020871
3755044
7427444
6440468
6313691
5710138
4308922
7909552
4233247
1622518
3510516
1511745
5156913
9310987
8844886
2844333
4122876
5097525
2325420
7923416
2298747
6827113
9924287
1863044
2296977
8781155
6832095
8101336
2361009
7168782
4483248
2915032
1750292
5017446
3898875
7453684
4749550
7563581
8482149
5769895
7049316
8979773
9193985
3458418
1612775
3829083
9549783
7295916
4379476
4582920
9290104
8305260
8023800
9511249
7225246
6023475
9928083
3573809
1441199
9577095
9163912
2200402
1569016
1248642
6061505
1629044
5134607
5278449
6572076
9291196
2786087
2808379
2914723
4157882
5814434
9634601
1128211
2174753
9454259
9781162
5367452
9569069
4205326
9730789
3429587
2924278
7614933
1726982
2504536
9193076
2890558
8899209
1779331
3476271
1610706
3751961
7150828
2281494
3281238
2570739
3641545
5068343
2819378
5540978
1112688
5619632
9230658
5007978
9888049
9650043
3512688
8033005
8818118
6317976
8496292
7499110
9463952
3068133
6136930
2893018
1291810
1820174
7986198
4967036
2695429
8717172
8550889
5358380
1512563
9252352
9430904
6058737
5802831
6180371
6921234
5170988
4393135
6207131
2079077
4629302
7090046
3377240
4026300
8605819
5241650
8450767
8941274
1828402
5810782
3888586
4945058
1610028
6451213
5173324
3038479
7093687
8669141
2962909
6127977
4774094
8616761
7990702
1945229
3477192
1277454
1119721
9333691
6626487
7091648
6890431
6160926
6491163
3045975
8296838
5052850
6645102
1555235
5662101
6714749
2398790
9668591
4867203
4109412
9057503
1513229
7800197
3901554
8016545
5424769
7491801
8903379
1592786
3432235
6082930
1640358
7498508
4283699
6340156
8798107
6482841
4914219
7407326
6463717
2516332
1162832
2023943
7650006
6082354
8008472
9397677
6963091
4312556
8009021
9464464
3195136
6494969
8615349
5950601
7655633
8567100
9175431
4772056
7920788
2080849
8307782
4539579
5943780
8306944
2112398
4273615
3043563
8958549
9521153
4813954
3614078
9156397
9683676
9615551
3807072
2318930
7532155
9512514
5436124
9744583
5376633
8511906
8542530
3376034
6493348
8222569
2631458
5111308
5001530
8054400
7040587
6214508
8859236
5815499
3570826
1976634
9386481
1613881
5947217
6397287
4507588
4968822
7992953
4565977
9934115
7026415
3248315
6163997
7695358
5486595
7726166
5345349
1965931
9992389
9165056
6694283
6351784
3745454
8519101
4858302
5523884
8362950
3906697
3326633
4826819
6987332
5939438
9296917
7099213
2634170
2331028
9273822
8305543
1269367
6851951
3179351
5413331
8123936
8175014
6981669
5944533
7305027
2423806
7712244
2975146
7330665
7420276
3984101
4387484
9585143
7826318
9478085
6181360
5076393
6689684
6176077
3322885
7908210
8185497
6491332
3727450
5816562
6472835
4260655
1603541
2878539
4073535
4317198
3325452
9779103
5545046
3997190
5369878
6726123
9507598
4173164
7821873
2676027
4323415
2035791
5783412
9525049
5016905
2443673
6934125
6357584
1666888
6058579
9946384
1488339
8556130
8104207
6571000
7964027
1702593
8152384
1377876
7461389
6132204
3692138
8342298
6673291
2083738
8726927
5665501
4586898
9468920
9099961
2716677
3832892
6915370
2973620
1461999
4014617
5402458
6222066
8234607
5005733
4319087
3543745
8182478
7139444
3587794
5197233
4207304
5503649
3578189
4699961
9517586
9208691
7026363
5123690
7551063
9600611
9418442
8003627
8175900
9463115
9930143
6069521
2872693
7907754
7150512
9012381
7680431
1224046
8864493
7377460
7386386
6147598
8457166
1657243
5636012
1526806
4547206
1776912
9611245
4052053
3479425
4218251
9713519
3398774
8549238
3994983
5645464
5714644
2940344
4508641
4863810
2292044
5550337
1241033
6368009
3972632
7556690
9418046
4967862
7799705
2704359
3109122
4859045
7981449
1381465
5970759
7977053
9182194
2026859
8827853
3119382
9955512
3202667
9866490
8444080
9675891
3646040
9891231
3319152
4353634
6474102
4479290
3805258
6924711
7770162
6235824
4926957
3167081
8617993
3677247
5840863
3593965
2742777
3731563
1262630
5461687
8514786
4247828
4071975
1706914
8241430
6862295
8826349
2171840
1527920
3408291
1657625
4121423
1564525
7757594
1273391
8351234
1549356
4762804
2272263
8916259
5666290
4447411
7669662
2449311
5632497
1477230
3785745
9007613
3086745
7682760
7811355
8802212
8802953
5166683
6786236
9635067
8431752
8750441
5393775
7404065
4934934
8773718
6677816
8524878
2219580
8137865
8301135
6339471
7596362
9092119
1853853
6748716
8749605
9814288
4757053
1759964
4653425
6984259
8118634
4776432
5167734
5585601
6622954
7113232
9636781
7439098
8431339
9020649
5287284
6873496
3418978
1593467
9901744
3458581
5353191
6864118
8429265
4898429
7024847
6286281
7991445
7175870
9356280
7009256
4683655
6555628
2976425
9865007
1908837
5525487
5411945
5550435
3634157
5660107
3885073
4222148
7703761
2965050
9352630
7969090
3934226
1399354
4394149
4175538
2582428
9299504
6023702
6809912
6867546
8050991
3560103
8419427
3206461
9841948
3695933
2506434
3173757
9518485
6008116
3366998
6359524
2708501
5124796
8689054
1522481
5639215
5667766
2628810
8685653
4454563
1831091
6147599
6275941
4097029
2964707
8705302
3483335
5195268
1174675
9207387
5627104
9896730
4115192
4674839
6141898
3063275
8689810
1556184
7942972
7065728
6138760
4235422
2968517
3682575
3355004
3575845
8560700
6455585
8213875
3411451
6957089
9792936
9045121
6956663
7496588
3860962
1403533
4798550
6540299
5814621
9201405
2203941
7776463
6406184
9732687
4548975
3471340
1124093
5902689
7710682
6277581
3518843
6403542
9217417
3611548
8651666
2356727
6054202
4842072
7044075
7254758
3012812
1479747
7621003
8179876
1132586
5018552
2910582
4716815
4979982
5148817
2214148
9942847
9225892
3701758
3029596
1810580
4789474
7484434
8972386
7040402
2592529
6162500
8333391
2674584
5236433
9964985
9689563
9719639
1947683
7623941
8826063
3157893
9861490
4848526
2017551
3506985
8250906
2006696
4417146
9464666
4258935
1775828
7562177
6841716
1251374
4586101
4115871
6020462
9340835
7583141
4988201
5504427
7434468
8386462
7014438
4717784
5537915
9946874
3867611
4366018
9985046
3232315
3788306
2579055
7757917
8178478
1627836
3049667
8717106
9293452
9631781
4191344
1481082
9386562
7236396
7214191
3415796
1759044
1163701
6329787
9030169
7193208
8425245
1974275
5562053
4770257
8875347
1502540
3457144
4123681
7420114
8615323
4240169
8300945
9695146
3686049
7343515
6545870
7595876
6582170
8667909
7009780
3540590
2987798
9851152
6650382
1682343
7987957
6237727
7625000
5304697
8939918
7525713
2834053
8771459
4903852
7138689
8678032
8821703
9343874
9402263
5133951
3223878
5718732
5401132
3877910
2686856
4169284
4968770
2729035
1542267
3800276
6130837
7123917
3370512
6008047
7152077
2875226
6086074
5588413
8258444
2655374
8621644
3384746
4001635
2184365
7532975
5255053
8328002
7799294
5140898
7691749
9927834
6965062
5647009
3315267
5836809
4488589
1464337
6876553
9345522
9347959
8489340
9988616
5018027
4405174
3100535
2575561
4051225
5193311
2617014
7030271
5830216
9608584
4657802
9776804
7737845
9336104
1759444
4775481
2353385
5433609
3633491
3968137
8274447
9589980
4957923
9695950
8160450
4124815
5235425
5385337
4906864
8924998
7221115
1647143
3984220
7699033
9920410
3327373
2279142
7366883
6248139
5574813
8415064
8888942
5940026
6897998
6826436
1190184
3712139
1155431
3764915
8139996
8020681
9685053
2764661
8414066
6647537
9432773
5448838
3805030
1983191
5566812
4634934
6694193
8104648
3605438
1174103
9415857
1640037
5471895
9560372
2069737
4896441
8130562
3635057
7883104
9708609
8131595
6614134
7864423
5093532
4191017
3615419
9070043
2755269
5944086
8520574
7579064
3897531
1810477
5020878
9944980
5492216
4536088
4829950
9018562
5182799
2904881
3977146
8922131
4014493
8835346
2763252
8674370
5305299
6273176
4763719
8614932
9619126
3085958
4619554
7542445
6732620
5771777
2269932
3756039
5907764
9189029
2847581
5520880
9017369
3320720
8800427
6481071
9390127
8172934
7889184
1418313
7595172
9416240
3048343
2300190
9047376
6540366
5818308
3214289
7190275
7147901
8570256
9950045
3568461
8772992
4580584
1941940
2154914
8273512
5180911
5173808
9872021
4291733
7801843
5945483
6016833
4442591
4726144
7717055
6491882
2328560
2129854
2225245
5732500
7009182
2741124
6011021
4634582
5710013
1233610
2847726
4596923
1901179
2703858
4711452
7891711
6327790
5462819
1314619
4359263
7434746
4944648
3851662
3680503
1170726
2486674
2850844
3940531
4107338
2503245
6805288
2395963
9235811
9085102
2264835
6230057
6813570
2434532
9600590
2872225
2704886
5165677
9510528
9430498
2262982
7265831
5079440
5221826
9523089
5398419
9888930
5086570
9104899
8373228
1358851
7396807
7580600
1782096
1596749
9183892
6437338
4790887
7236843
8250204
9860343
3169695
1206803
8135145
4489369
9865451
8341574
7141263
9443477
8633553
2232177
5110245
6814288
2690149
9525551
4087366
1604761
6192616
4566045
9524255
6573092
4090914
3305686
5093160
5275748
4271752
4738968
5005318
6724936
2062856
9614183
8907370
7048922
7883686
6765025
6490916
6718588
9228454
2052575
5827926
3038879
1259986
8849434
9420849
2266105
8121536
6301584
7099979
6749794
9300845
4347617
1803359
7242885
7199857
3968950
2461911
5856084
2109746
4411676
4989897
2077238
4340987
2096359
1989183
3597052
5561632
7649503
1285463
7934557
4859488
4154071
4269145
5217145
6258066
9549741
7931440
7503823
9654986
6595968
4984205
4072734
9662285
6298532
3392087
2522592
4495922
2526728
9087894
9685949
8844642
4605846
6223294
6172102
1712542
7395728
3736636
7097163
7240773
1751115
7178561
2789934
8402590
5347393
6842523
6151040
6794194
5006097
7322953
2937961
6038386
9091144
6115658
4109145
4216038
2920085
4149047
9259462
8554202
9690549
4862783
2523227
7511532
3918718
8153356
4508919
2946113
1195367
9024326
7745774
2337249
7185336
1176959
5270105
8789768
1965708
7407280
5737143
7480825
1664814
5024003
6395587
2776379
3907636
6435477
3251054
4439665
3160230
4841778
1662202
3133111
1726994
8982734
5439894
5771473
2699894
4800176
4773055
4262928
8751785
6720242
3871157
8356321
5899579
4402479
9277242
9959769
2314861
8857211
4142525
4251912
6901298
6169468
2191477
9412494
2572169
6591241
8235006
4375428
9232040
8917816
4557431
2539394
2604622
8678405
3060123
8117484
9871085
3743075
3382920
6322829
1763525
7436178
8782212
1852861
9171141
2322677
9890598
9603060
1497912
9668565
2855449
7797028
4188977
6645617
4270282
4589405
2035335
7852054
7409320
3544139
6433378
9651919
7176050
3756518
4288336
3650418
2630669
7848544
5848884
6606052
9250981
4385682
8990058
7491879
4227651
1672679
5170639
6855106
1226105
5867540
2259219
8840980
3589632
8724917
9358869
3558156
6232025
2006668
9233374
8798326
3341925
8387927
4693915
5863313
8764099
6611228
6825824
2073765
7767924
1844617
8343466
8971939
4804681
2982650
7402441
6618246
5225779
1175072
4153480
1815552
9212012
6098850
8465065
9170070
1167690
5417453
6111475
7355971
3495729
6647089
7947545
7705734
6259435
7987780
5786797
4045968
3727098
5620741
2943654
6544501
3202133
8399402
9104344
9622709
5479149
9894560
6688521
3823506
7069200
1785229
7741994
3171296
2700952
1887630
1204446
1276018
2894829
8922946
3839285
7379610
3334786
5741208
9893967
4694065
9834146
1836875
9757164
3650277
1728067
6498572
8181301
1318255
6529519
1509677
6690043
5092281
4159961
5274922
7953617
2125657
8390895
4080891
6496909
1575741
4253181
9504218
4274221
6633123
8609135
3449548
9247477
1754776
8754176
1409527
1537034
3592086
1840973
5907929
7994646
5246038
8522722
1282222
2501134
7419429
9178480
6034246
4683119
9167086
6164333
8335181
4176320
1440164
5546223
2501394
3442991
1156919
7702687
9493622
1259630
1399343
6376977
6331734
9813115
6034045
6405224
3635694
3193191
9715606
3387732
9009523
7248920
1520019
2165706
1418588
6693761
7646515
3165169
6216278
6645121
9682838
6747722
6793838
3580765
1207961
4707771
2606123
8086185
7500981
3167204
6734692
2554914
7642542
3134283
2022776
5920137
3299858
2525181
5667308
2702155
9219932
4423789
5427510
2318865
5238873
9344473
2801658
6929015
3969964
9713363
5196108
2373037
6320318
8041591
4934781
4951510
9099822
9075899
4698566
6831765
1242661
5862547
3157638
7322467
7241751
2469006
6853863
2318344
8016937
1405616
4419005
9309446
4835642
7596901
7123901
6248348
9554568
1523477
1681442
5803784
2208045
8345556
5932320
8027915
2674169
3407950
7780406
3086123
2160022
1845906
4338715
4097648
1144254
9244292
6054552
6688696
2442045
9215751
6042030
9046217
1279606
3035712
6353582
5540189
4551106
4851969
9675927
4432646
6955144
8179155
1567326
7489098
2572299
9029201
9600332
8298754
9032844
3487963
8070796
9411719
3726481
6805778
3952355
1206131
6692842
5059155
5924425
3611517
4026592
7601117
8090893
2365932
8224774
1923171
9032047
5660536
6258583
7693750
7467804
9941932
2557729
8933835
7408194
1409676
2352632
5155044
7879030
9661413
2496682
7351978
7509871
8023870
3848565
9177160
5645897
5856194
2525222
4491175
2129513
9657568
8145391
3223052
7521396
8162181
3813934
2619222
6013625
3706997
3411543
2863558
6738179
8150824
2692751
8497547
9696207
6155693
1927333
7451399
4211865
9226390
1547598
4782905
9452159
8168143
5655974
6616433
6091518
9330760
7812720
6743985
3828853
5953778
3623289
9061104
5674461
9139510
8646335
7237054
6021976
7094676
9220319
2620113
3399092
5461596
3781935
3873817
7459172
9930106
8935505
4654039
2331224
2721739
1535186
8390200
2724821
9353615
6906976
2863939
8252614
2577227
7342278
4089648
7358149
4708974
9174784
5733162
7408827
6607768
1940874
8865553
2660674
5175214
9448152
7669949
1895390
7138378
1116876
1966126
6020552
9606817
8259901
7441873
4845170
3467142
9502654
3523044
4136508
3945960
8455742
2644133
8638905
8173135
9142448
6284257
5242457
2169170
7919311
2764986
7659422
8676926
7708808
1742156
6048043
6682206
5619554
3628165
2668093
4931867
4649338
8404411
1324145
7595669
5746200
7803230
3819480
2831949
1180657
7736443
4846203
6342802
1817498
4463162
3265325
4053835
5119151
7002210
7101978
1279479
8457324
8339020
4660765
7425563
6228637
8563702
7282923
8496136
4406945
4703880
3278267
5603099
5673598
7646551
8046710
9032415
6048645
1111161
6177095
9095712
5867737
4839366
6415267
6044755
1507411
4112220
4294103
4830563
8978184
4333184
7191711
6381143
7379711
3047356
2810311
2792902
9210934
9047747
6588289
9659566
9015857
4061031
4933200
6597971
1141612
2343461
2045403
3418572
8331386
1441928
1475838
4136982
8260316
2285110
6291804
3485052
5662834
2054875
3010823
6328898
8274095
9930513
9583868
1515951
2620784
6644576
7594730
1860501
5365473
6283415
4364062
2142293
1314879
8861605
9446574
9524372
9832675
1318583
1835471
3395604
3809306
9531890
6944758
8046318
2292455
8365533
6079505
7313790
7523132
7968688
2387770
8227684
3916961
1970707
7607019
7610237
4557496
2931889
7650653
2168601
8056243
1362128
2779523
5968886
7239941
8624643
2547493
8507532
3732630
9885502
9587786
3766344
8431367
2045241
3047485
2170331
8100406
2942950
8076590
1566559
7260378
5254196
1459298
8680700
3694224
6521775
7217062
1378966
2267778
6450636
8012108
4254108
4433658
6063205
4464377
8352204
7857952
7997946
4356113
9122675
2339254
1563353
9334601
4646529
7098702
4875371
2508939
6379866
8142250
4315083
5626273
8585634
3009806
5140928
5703965
4073741
5760700
5682145
2420745
3173231
1678041
3176192
9488368
4685161
5034239
9419070
7815723
7561220
6648678
5007963
8527564
3823597
3456236
5363774
3951152
5583866
4509498
3918871
6671366
9642622
9678256
5091456
4380324
8630642
6569765
5070958
3985267
9013718
1146423
4548112
1887289
7890943
4313887
9000423
3052018
5439753
6400198
7055403
5453950
5126567
3009119
5180524
9804323
7306161
3761537
5911343
9318424
3687285
2745717
5905841
6026783
2377969
6753301
7734885
2242035
8052725
5356843
2074166
4307051
2325285
9199911
1227050
4910695
1911009
6732534
5631591
7963093
8696688
5868442
7323244
9956193
3192278
4837201
5383201
9949776
9629765
5787685
2481485
5370718
8349408
1990067
4071216
8351373
2799186
8662648
2081976
6636950
2699916
6837178
9004542
6622574
9691500
7710636
2924492
8161320
3392149
2895683
6643516
2286510
5133443
8897004
1546255
2136913
6843338
7607457
3240573
3635349
1287230
1901652
3194101
8007717
1879921
9561849
8412504
7230101
7876374
1955122
9661338
4797555
6452462
9721927
5894309
3094397
3246994
6503280
5950784
2814446
4040244
3618970
3105723
8688827
7959253
5721885
9704491
3746782
5736049
6887927
7898060
8945485
5631651
6065909
8015070
1802954
4992209
5451677
2473780
4815014
5967746
2232787
3759479
6886355
9182066
7232795
5599949
6707826
2603701
8086448
2607543
4667993
2820849
4756226
2559939
9243902
7256808
1920635
9929578
9430824
5141994
1518448
8010075
1162960
3919694
3205765
5741327
2818119
9218018
7493091
5665778
8621382
8597713
7757208
9183237
2236025
7056259
3386096
5981664
7209230
6581148
5594349
8930370
3805724
8883994
6086954
1133796
9043371
5649574
2999147
2370220
7352345
5084593
5990577
2486998
7787315
8387840
8787945
7885953
4050794
3257703
6324217
9364328
1122709
1695441
1819837
5343933
6251518
6993921
4140093
8689914
3488765
1551025
4651892
6249213
7575960
6475294
4561441
9146522
1513351
7248023
1715448
8037800
2247126
1947458
3706004
4951488
6798749
6684549
6580759
1427830
6494805
6003072
5525377
9013801
4489876
7303211
3290450
3420582
9916227
2813637
5594367
5414573
4003412
7027202
3377709
5345212
4428530
2453071
3625494
8569958
9404435
1764510
9524841
4286592
5275197
7930564
7643108
6146185
3357067
6733268
5570083
3267645
9826425
2442525
3961892
2822567
2171852
4226422
6912596
6465948
5275190
6225176
2025052
6096441
7043207
7070028
5577364
1525399
3980946
7552568
3853597
5269205
3403210
1822075
5012000
9586265
2005409
7579805
1619334
1715406
1125919
4007681
1579224
5023930
2775349
1639307
9856626
7046435
9605771
1346841
5101596
2897398
5028965
3967251
9289935
5433881
2791694
7841796
6050333
6697046
8922829
1175947
5112878
9215321
7702084
9135077
1738793
6417969
8896037
3226192
3017533
2015112
3934941
9166934
6649487
8576592
8517089
4351550
8204333
8494465
3062211
5726699
8927541
7148883
9470093
9027256
5791025
6889764
1469358
5988944
6851698
2801904
6700223
7171258
4121052
6600033
1510238
2724565
5278450
4988124
5779277
7143265
9267438
8345614
3645315
6335575
9572041
5350368
9393685
6358853
4257241
9028368
9391800
8385234
6553284
6485453
7855347
3138063
3012364
6846838
5068044
5162562
1823907
8540217
6378547
8328911
6658803
9946420
8188254
5122282
1604643
2452017
5075251
3288283
2722701
7542111
3391610
4496185
2157666
8942653
9830899
6196785
1357493
4535524
2978699
8368282
3361330
8730688
6168359
7759271
8496283
8025873
2066508
4977788
2761338
3715856
4024944
9783345
8508720
4711512
8986217
2475081
5825747
3419855
2786103
3840912
9698956
3925786
4089774
3360522
5866967
2307133
5562458
2138133
6728614
9258797
5140513
7691519
6045279
5356694
1753684
6647654
4350976
2272925
8043639
7479960
2979856
7539526
8636680
4650620
2543726
6282119
5396552
2751992
7601145
4521243
8759493
2293314
3516301
4274188
9339038
2376636
7324742
4441790
4522996
9809347
5018912
5054237
6788224
2575561
9263440
9634055
1287695
1140542
6104573
2824352
4523128
8746019
3317642
6347163
2990655
7279984
3697866
8169152
4776468
8419712
2267494
5419606
3708401
6988997
9409617
9278997
1576598
5593094
5380458
7433487
1587597
6762017
4888958
3183911
6565265
2542681
3699509
8651635
5912060
9444766
7240292
5182119
4761042
3675358
1365058
3770145
3175802
7598397
4590040
5166585
8909684
4032515
5172519
2212345
3109359
7175175
4809762
8180725
1279296
3785952
6026070
2819900
2487584
3965652
3759694
3947348
2913622
9726978
3930942
2022368
1324675
5281576
8654636
8963299
7460516
2039239
6991743
2853242
8296046
5359504
6998848
9778024
2536476
9542973
8329557
3072302
6500151
1259110
4444033
2896310
6094729
6647541
1922388
8292496
3470006
3843807
5286614
9696133
6914892
8432209
1448386
3409418
9515495
4933156
5439054
2125910
1783664
5529281
3480029
2455496
2497632
3384148
4622147
5240097
4451960
8456574
5662242
4915901
1889242
2996641
4225625
9105665
4597393
2700726
5667347
4874378
9744038
8020382
1660694
5473747
9999957
6578292
2918204
4212075
4744071
2624734
1821674
5155761
9730037
5900208
8401120
5083582
1555514
4822638
8284348
9132813
5531828
6265403
6762620
6478895
1226106
3681035
1850365
7065076
6089139
1179435
3985978
1787353
7909569
8040434
5833704
5393791
4404292
5880554
7056045
5136544
3291363
5678150
4233070
8403799
2164525
3419259
7565578
8299031
4964034
8614279
1132178
9936735
6396914
9819295
2270420
2969486
9312943
3688739
9150029
8997357
6463547
4608770
5656867
9008012
3097793
6320654
3941830
3929333
7967446
9119562
3687695
5690026
4132920
6899393
3632131
3492064
2902190
8147860
3964947
2604634
5608619
8591296
1128461
5879117
3289086
5221902
8475436
3128114
5369424
2378896
5133754
5797923
7827784
2394574
9786342
9100985
7902270
5812196
9511745
8627869
2683245
6156125
4223881
9121568
8176422
9636815
1640289
8107225
9825847
2412718
9192554
7652232
1873910
3428754
2461308
6269149
9594852
9248077
4664180
1193001
3128972
5483910
3764927
4573833
1973920
6996571
4940208
8626296
3746454
2014195
3467202
7421508
6738042
6237089
9089306
2840014
9560367
7199283
2511664
6641984
6780761
5804411
2530370
4150456
8162953
4549580
7319414
6808185
6471051
8065252
4040491
8434583
3622719
7072889
7603846
8481116
1661627
3155480
9675250
5910829
5120032
8235462
9593066
8478316
3096552
2950877
1366819
4266331
1393536
2439994
7839868
1143936
7375517
6559220
4739316
3601476
6226596
2477085
9245595
6005868
5647736
2914909
7292394
5661605
1880965
4045167
7248908
7467827
8900339
5612311
5284163
9791218
2604369
4426542
7543653
7495628
3354039
5259417
6290928
5693278
3680406
1851091
4909549
4433825
3903182
3080559
6169691
6631046
8367447
3482091
6795684
4765100
8432074
6652129
6126552
4372904
9297810
9371252
4467916
6524308
3560303
1523156
2315046
2589974
8624433
8680570
9810377
9484476
8571979
5054654
1750707
5709932
2446275
1561560
1478272
1384291
1552779
4533980
6357075
2288140
7572100
7170244
3620253
8877449
2033047
4261333
6187076
4734918
7776621
6931965
6771960
9511147
8045008
4678737
7746976
3824006
1519670
2105573
8804452
3595091
1783985
9056471
6850312
8574238
2512208
3853368
7739367
1384702
8943341
3440843
4312320
7186086
1590273
4999956
7454220
5330999
4551797
8030982
9949783
1580883
6307799
8124888
2634755
1380598
2123529
4154963
7593638
4057239
9133468
2568327
6793137
3265238
1763882
4487021
7991175
5488921
5871880
9109870
7717530
7030939
4296796
4102937
9968752
2065241
6040729
6288348
7716450
3744267
6173576
7349958
3826620
3450099
5281162
3816497
2656150
9502817
8673260
2972189
4530405
8216702
4243825
3727914
5048575
2606327
9321730
4417534
9735577
8650545
5937828
7059387
9495258
1588278
1742090
7506911
1300497
6717330
8720367
7325903
7186996
4566344
3207559
6770405
7976764
3468524
2267478
7305918
7996222
6992779
3816398
4728591
6014536
3168437
4236240
6562403
3009159
9937452
6397120
4486507
2781766
4084096
5859789
8629436
7952327
9135912
3580017
9706702
8354854
4326430
7379659
8351603
7711917
3843005
4023819
4883602
6319979
3553356
8941229
6183072
6877913
7891905
3911822
5102521
8965405
7910858
8231487
3377956
8333326
5452250
9335879
1174054
2260282
7958120
5524021
8748848
8564974
5237257
4011495
4045011
4226008
7836792
8148786
4141255
9291656
8494339
1817320
9565651
5070781
4247872
2310257
7089430
2197442
6851756
1471664
9383623
5409364
2041957
3318993
9139490
9315019
1267344
2898307
9806472
9610133
3262430
5642382
5710539
1766568
6920538
7971327
2247078
7851036
6025223
1421898
1208356
4035599
5807911
3267579
9612785
4856739
6011940
8011905
6051673
2457356
9722834
3882438
7937467
7330691
3791835
6770659
3071285
8617302
4597064
2444822
1598760
2560443
6548113
3298903
1615548
5068667
4984088
2641399
2520032
8170965
4500991
8339980
2388333
5834708
6265958
7187139
1640728
6422568
5500982
9179337
4014526
7850138
7716084
1295722
4572798
9214791
1462962
1676450
6679135
2591770
3769545
5147611
5388377
7472096
1237488
4856284
3845236
5120665
3113742
8730325
9733171
2287419
8577830
9227272
1705552
8650746
6548901
3122794
9167512
3665376
8977887
3262607
4883134
7590228
8650876
9750982
1508900
4968037
8363958
4871695
5638802
7205051
7893318
7715525
2189525
1733615
9468209
2776546
8317607
1532653
7590990
5242110
8369122
4419916
3726323
3816584
5741514
1598247
9476013
2659674
5398198
4421772
7061572
7158960
4220410
7087126
5570864
1176211
3831627
3761201
2835887
8026786
3958723
6116709
9341588
9154988
3294959
4669184
3056343
5115915
5553525
5860706
4520804
6968101
1822886
3173203
5872867
3826048
2812168
5037566
4725582
5385202
3359506
6040433
7789537
1919712
2224671
2027160
5327467
1525781
7315935
3670924
3767610
4233978
9147844
7887697
1995696
6917123
7169461
7407613
7138826
3877297
3218250
7029309
1705714
1227324
5653174
1170906
5395503
6391665
3893783
9638670
7005557
2965754
7517197
4996580
4784505
2340732
4284202
4176604
2104890
8756615
3628639
8037497
3596076
1590465
2064561
5381276
2565297
5048331
8883810
8732032
8530547
2603338
7696577
3132273
7885572
7499855
3334617
3516878
1291313
2081047
3193010
9408961
1230117
6803289
4301540
7939380
2280374
2606742
9307833
3690102
5327483
8457469
3571833
3902426
9642462
4966556
2858344
3274904
4516302
3854600
6569157
7739421
4583246
6553831
8411529
1215151
4808112
2752340
5647935
4623975
6655157
8532210
4551293
8314793
6096626
6430435
3314394
2022708
2131598
6399672
8658045
4402783
8537204
5180431
4428319
7636112
9669383
9862785
1387917
1515752
6792157
5085934
4821783
8958009
4526665
3081873
4285644
2412680
8066214
6638798
2837147
2050839
7050228
5570259
7039481
6771357
5814344
8300357
4758904
5881205
5270441
9321780
6146504
8161694
2460608
1663713
3226866
5003497
7888980
4573532
5535290
7687946
1335836
1982864
9172439
1313432
8002938
6333926
3840214
6741001
3142234
5606509
8476987
5772590
9643669
3253962
1248031
1772718
5525777
2352398
3134656
2364785
7498451
3062307
9303459
6267197
7263755
9265844
6288181
1232778
2336371
3608018
3375338
1806570
3146558
8944984
6780251
3579206
9284905
9890913
8925368
9129914
8111274
4383203
7497325
7882789
6235697
2099971
3169389
6718318
9089743
5964137
4136711
3290546
7325777
7425242
6240506
6164764
6263708
8611066
4004842
4731477
5655105
2925118
4453049
3855012
6431358
6066516
8709987
7915018
2016856
3072299
2831293
3454579
3612761
8375053
2720545
5740944
4502520
5534814
8111767
9757089
4457321
2353077
7180835
3474083
9390529
7592451
4954627
3596641
9315086
9100376
4497318
7623195
3800707
7379853
4761431
2727735
4183640
6079735
6214718
4588170
2402379
7934314
2654706
8860387
8546034
3509969
4414855
7094415
5565214
7487781
5549720
2664327
5450640
2535592
3681911
3708004
1299100
3013755
2758902
4079801
4444255
2470975
6722150
5555659
6577816
7342695
6427760
9270155
1235584
1216089
7375673
7084886
7416282
8050112
9474707
7004850
2475536
7088482
4190140
9037888
7872686
6812002
5357157
3556620
5851586
4427470
8875703
6553083
5141400
8217812
5546141
1320008
2117229
6550028
6390551
3503917
1858440
9458603
9834964
9285287
7158713
3234789
9868784
6569554
1540207
5291118
5049243
3614996
2486230
1468840
2917035
4089013
3855242
8873831
5944384
6437385
4487519
4218681
4694153
9622593
6017773
7245438
2157003
7180705
9136903
5609354
7233484
6630173
2433227
3752505
5415802
1496562
5857898
3379268
8525970
7967134
9735479
6676865
2598108
8160870
4452925
2291028
4925324
1330386
2687913
9947674
7085402
4636045
6385610
5119516
8551568
8123638
9534294
7369931
2142601
6827111
9541496
5630348
7974810
7789795
1855907
2115370
6767823
5155729
6278686
1901336
7175547
8212558
3037160
4971006
4886528
6443248
9623043
5421905
6790597
6000491
6266785
8067276
7158498
3753458
7757687
6678905
5399878
3449378
9686849
4412830
2060464
4568261
4353171
9572683
9337777
1129584
4094493
6477975
5042929
2238856
3965295
3416217
5747920
4772170
1358718
7343090
2188977
5096802
6075079
2214004
6727414
5844048
6772691
4623638
6618934
1544714
6750952
9382953
7323649
7689284
9750358
3713987
8208796
3736547
7635528
3025560
9876705
7331467
9994926
3832941
8459514
9327973
7657405
5587317
5657944
6582250
1744235
9359822
8377356
8369249
5419919
9014186
6647720
6135842
9796390
4606487
9223902
1735286
1775949
3839869
7182635
4293044
7187616
1827029
4706640
2196939
2631551
9850333
6352281
5219989
4731169
2719475
3507668
8438819
5406385
4444375
3985580
4807886
8763958
9244354
5489555
5013966
6093448
6808177
9714536
8857492
8878643
7944844
2398273
8757370
1411020
7700575
8609290
7675149
2769252
3340910
1800990
9756991
4099160
6085358
1559429
7512255
2258685
7765704
8434535
3622019
7194951
8095878
9686237
6739904
3791866
2874907
8016778
7778778
1175757
3523171
5145988
4396415
9174544
4158694
4990513
4932932
3095415
3531698
3173649
4940807
4702292
9563094
7118715
1627424
7349952
7601900
8172089
9677379
4633437
7354389
2733453
2966387
6615727
1281359
3754973
4141815
5532245
2220411
5261682
8930848
9436967
8308879
7400134
5663362
3553213
1848699
6799775
1674016
5929157
3651317
7970689
8858862
3289958
2170310
4095716
9059752
1462531
3165331
1924127
3257422
8211845
8724317
2051475
2682679
5912461
2704902
2694299
9546782
3973199
2868442
6820382
5162806
9275768
3417557
5364084
3616525
6434999
7492093
7530256
7001002
4574192
7941003
4218450
9888423
5144012
1784729
5600050
2009023
8891643
9734933
7858577
6920181
2039540
4313260
3144005
7113332
5880399
7308413
3405707
9282819
7438183
1905000
6333805
6529129
3567610
1665051
6754584
6076599
1598255
2898543
9589802
5057818
2438783
9457972
5443641
1504474
4925049
7716178
8440195
9559409
4930742
3559989
7759514
1391942
7897341
9527680
1730122
2272925
1393996
5142500
2667011
9372796
8817859
3011395
1652826
8610191
8728425
6238367
1316815
8507982
2907370
8976429
3694854
4085789
7914694
4394589
8576163
1446101
5053629
7807846
5082370
1805102
2642458
9202233
5911030
9583512
3395436
5290201
2014452
1900670
2069082
6699950
5502936
4042748
8320958
7170560
7147294
2774127
3075126
2211398
5000111
5471426
3370824
7038896
6710829
8184890
8952469
7721940
3987985
3373030
7743570
5003836
4916063
5602169
9338995
1990567
4642606
1610720
6648362
6780541
1928460
8600440
8432550
3072748
6916090
2040644
2041906
4704566
4256024
6110589
9665844
3537587
8602723
1577427
5550557
9711778
3384735
7481865
8551343
5181375
8764279
6456950
9363688
9189165
6564365
4326066
4728838
7845726
5188711
5648622
5258529
5966224
8761779
2107377
5959534
3366701
7211484
9553700
7543463
3325644
5551749
4729090
5020616
1588021
7128074
9855928
6973203
3270385
4373365
3415421
2998160
7924222
5355957
7830268
1224641
4280180
1475129
2738442
4480260
8072846
9316882
2562516
4505136
7477630
5759898
5094433
8433978
1472296
1910625
6793283
1769556
3415434
6405843
1935229
1885273
7364534
2257700
3296165
7887549
1178177
1203174
2709058
2941600
3530668
7756508
4748818
8126862
2663490
4059750
1728201
9578698
6709122
8327011
8095349
4951020
3857240
4828784
1160605
9408716
8768918
5145344
2848160
7267203
3518974
7465070
4198963
6965030
8907470
8074087
4902773
1630334
1919953
4166893
5383964
9193392
7648364
7761543
2317909
7887485
4594347
6276654
6075177
9322626
1761845
4991308
2066901
3473611
8565467
9121736
6314009
5673413
8588379
6581666
8769436
3752731
9328257
6928049
5547487
4117100
9037680
8266420
8934563
8423048
2255935
7645172
4432965
1345440
3498321
8499732
7871319
9340853
1535579
2567617
3827668
6263113
5515842
3775443
3937032
6051657
8947459
1917460
4439606
9520503
6671937
2536821
7129193
8076642
4597850
4577523
5491790
2525384
2536159
8266962
7780261
1433556
5570874
5081833
5340506
2589196
4762446
3668058
6491447
6491947
7664320
5405300
3696763
9223548
1235613
3021662
1155533
7060625
9074494
9694233
1387680
5374213
6563334
4546990
3283474
6906720
4783279
6676456
2150236
3752500
3901323
2252282
7427992
2600867
1350160
1140874
8760301
3748561
9633996
4319592
1636267
4525964
5613759
1865831
4592998
5970290
2319466
2187251
6810700
4836415
1503986
3707242
9075859
6250501
4268808
8413760
9799801
8478317
9469888
5814807
3394089
3798227
8835006
4592114
5260597
6266248
5947489
1666109
4031146
8740236
9050593
8060649
7538948
2267717
1290169
5720574
4230569
1874261
8959587
5949369
8567782
8100731
3521170
2620701
8254848
6380384
8317702
1812586
8694462
8830524
4110567
2153231
4322474
1917202
2878043
9119213
2667125
2344253
5350110
4817110
6391268
4452347
6147714
8471035
3946049
3332723
7391738
5261907
4465461
2086444
8113364
4649219
5719431
9039470
7243448
3142061
8199996
5040481
8489996
8251061
3011538
8739326
6058032
3053740
6715541
4004722
3207171
3380389
8455312
3458296
8340736
8253855
5162104
9829007
6227697
1188957
8662173
7294144
5105908
3966568
8862440
6713661
3431714
5201403
9564919
1593272
5732651
2343400
2225920
4857271
2802250
3377120
1262982
9319802
1522899
4695171
6358979
8722537
1875977
6649911
5655585
9502748
2681738
8931032
7796984
6221596
3087387
5248947
5619669
8342226
4302809
2915216
1613120
5558743
7833957
7211950
7769592
6168567
7497358
8900500
4244810
6051233
5266924
7516050
4840235
8860363
6647128
3716641
1690727
8529575
5413668
9356946
2550212
3670689
4480595
5783322
1212053
9498853
2692710
7171603
3083241
4372691
9309206
6646301
8412445
5254548
7165247
1776190
8584021
6446458
4871572
5502018
3082139
9273871
1960720
7715229
9204834
6531478
6841070
9084606
9500475
4861136
7841939
2834447
9349931
3568728
5153143
6602979
3898457
4228802
3476317
9972391
2660533
3115626
1553253
9469000
6733360
7881773
7198398
3831994
7024322
3587964
8055932
4124792
4527911
7051204
1632858
5315755
6758072
5124439
1773482
7774870
2354182
8159722
5747361
6833386
7153891
2883280
2424146
2751082
8266551
5156684
2147726
8149824
4639968
7970649
5247015
3214933
1908522
7611999
2706870
3089762
4377088
5131726
6800380
9406813
9497431
9304044
3407816
8445715
6441406
9130431
5643224
4658333
2946195
7449492
8290561
2427394
1230348
2660591
5159161
6424170
9616466
5133950
7143436
3825672
5086024
1241576
9846546
2517497
6106859
5295119
6091492
2736921
5698230
8884260
5120813
4764189
5435417
2968778
6526467
7043381
1984961
5365320
8724602
9670834
1517759
1562971
2682400
5128876
5396113
1586683
8344012
7747857
3017030
5330266
6153400
2653471
3873275
5198998
4701631
4105006
1934717
8352384
3251063
9410223
3386405
7109040
9236470
3279266
1970200
6892098
4572300
2292017
5710278
7323928
4883971
4245807
6073986
5007049
8706873
9539869
8970558
9998511
2598188
1450795
4486775
4080428
8990574
6939944
1459774
2989454
5300434
6534330
1868756
2275473
7337012
1393211
6064291
9295517
7295413
1465973
7983693
3185513
5673279
8064399
4212907
8920999
1440286
6548763
4234880
3333752
5501516
3189282
1527414
8234855
8256978
6033232
3381286
4017165
4816060
8165439
9222209
2938896
5906704
2489219
4880792
3383901
1113374
9885237
9816941
8116113
2199636
4891721
7414661
4434742
9577976
1782674
6842322
7022180
6054969
7045098
7292601
1531141
5422589
2181826
4192072
9644255
8111971
7004811
4984876
9598918
9398207
1504773
9887910
2257220
7341294
4859426
4868094
7852644
7487438
3194920
7614850
8170526
8044975
9823062
5660473
7083242
6349937
9165569
5063494
3203914
7486573
1234096
6641222
2252689
3763205
8793843
8979636
4182912
3719012
9529988
3335394
9853892
3474277
1359059
5912143
1242714
2663116
5031941
6428737
4718747
5895323
1538735
5252192
6046894
8517396
7875282
6520782
9395211
2908468
9633133
2033021
8145809
5794817
4955724
5639613
7118469
5379801
2952029
2012692
6492626
3788106
4590466
3652625
6222609
2251874
2341948
1794790
1348210
7180977
3610926
6748388
4525472
5700962
2861805
3777124
1429720
3788154
2415827
9061616
8540988
5976466
8980432
3136148
1562369
8612664
1933048
5175260
4492883
7565189
6024300
2526986
1333765
4541083
8243611
7636603
5155744
3816745
5880126
9293009
6991969
6394091
6104336
3231685
3002611
9221440
3495706
4820629
5509322
7701838
1338232
8527979
7553050
2359638
9769564
7900854
2407220
2645868
2363602
9132098
6133436
4729426
6285375
7181414
8086787
2516120
5375373
6887627
7090114
1837764
7864440
9093658
3786837
2236512
3574582
6604904
2808139
4643566
5298975
5134819
8065905
5340064
1950572
8855232
7817354
4319476
3867951
3330598
1691304
4067581
1917704
6646045
3939206
8348412
1950189
7411885
5823777
9357394
1944743
9378821
1880986
8419270
5917797
4646257
3015319
2792816
3542460
9199145
8543561
3026335
3623558
7530210
6178451
1493530
6563191
7095996
7381105
4046455
9106615
3978033
8893703
2318179
2236175
3455908
3737778
7449580
4209741
8035691
4242587
8503592
6050140
2070174
9475388
9951792
5833162
8892848
5073458
6566127
3483412
9547463
8208113
6912549
6241555
5624409
8348611
9669656
7406726
7224568
5552446
7185120
6168451
2741225
1977286
6315633
6643347
2765449
3970720
6785429
5970158
6501740
2025810
6016664
8879521
6182958
2917427
7558575
3858671
1478799
9951344
9721592
2137067
5121907
7488860
8931222
7851031
6944962
6723996
2719096
7722198
6394195
3865729
1554783
3997706
4958084
4373604
2295645
3542401
9381248
4838533
8307103
2555933
3943595
9660760
5155973
7427012
2300509
2817702
2364157
2243279
2237453
3544119
7625627
7747792
2017365
1614281
7631979
4347522
3159261
5939320
3938448
3331559
3660939
7135799
7733632
1640396
3242695
9812107
3487332
4205901
5502889
8690872
6204307
8503733
6580588
8464218
6061194
7681764
4789631
4755225
5483398
3869898
9599763
4681975
5455756
8139803
6682666
5777986
4077306
5613818
4253408
2112866
2847113
7578867
8786992
2287353
9900181
7394193
2287629
4809674
8466743
9397813
3047001
1642662
7001129
4412625
6760055
5235829
8002264
7872915
4418675
7461442
6085596
6842298
4856911
3893215
5130038
5669063
8831515
8403138
6642714
8524364
1503731
2287407
2345138
2115760
5104423
2087482
9020291
6870435
2706851
4550015
5178674
5143503
8589560
7396992
1198105
2247967
1409582
3899159
6214401
6738741
3093771
4277210
1695103
3588427
1516195
1320217
6341190
5126311
9568765
7716637
8896426
7301770
4115455
4046615
6278601
7401673
7233173
6202654
5752569
4826880
1320138
6485480
7125626
7302614
1729952
2284071
8403207
6518602
8092305
3392115
7318365
4543522
8011120
8772145
7590001
8164219
1268935
3526819
1383679
3911090
8612581
9249967
5895361
7792113
9593663
3020557
9764427
7291902
9296534
9873832
2146957
2485043
4177334
4969925
9972291
3681401
3860034
5701966
4938866
6969959
6270754
4800505
8855822
8060362
9377219
7405367
1912499
9171938
9399849
8876070
8830714
4687887
1837976
4829824
9146292
8762934
9941165
1408589
9305044
5628639
2717964
7428682
6609885
1684841
9416950
1201299
8303834
8439785
4291692
7280909
5962823
1491082
1144994
8102164
3902756
3805130
5254775
5193849
9459696
1575075
6925543
4157854
8373207
3595930
4739510
6020687
9929584
1374003
5588438
3587016
4650434
1446345
9099987
8366463
7205905
6473771
3022248
5350622
4427497
1451516
4303080
8593872
7954345
4152517
4044562
5395113
5715319
8335478
9507033
7067703
4041443
9982515
9202861
1874815
6991454
2090281
8250439
2672386
3008419
6805660
1458715
5333374
4571526
9143662
2185733
1992822
7142665
4868227
1245259
5408871
8353473
7251613
2298843
9373817
4296722
3088355
5564086
6954104
5737067
5695884
1864296
4564992
4451835
8706291
8299964
2889074
3095797
5917884
4350529
3123577
9662434
1483644
4982370
3463915
7480543
4696103
1786040
2198161
7641173
2245273
7133154
1831766
7329260
3980363
5579886
2357676
9781471
3701814
6405507
8188888
1722374
1219178
8637947
5582470
5799472
9517971
7219183
7776423
9391983
1809597
3157588
1567339
3251039
1765559
1979925
4420869
1689866
9150030
5661002
1816421
6684953
3145214
9814151
6931096
5034477
8723557
6107213
8715882
3955889
2507676
4415763
6786359
7942265
1208225
7784502
1612278
4560697
5023085
5041081
5185559
2316656
1484780
2341495
8956455
6313149
9884515
3489675
9556614
3572210
9059236
1574171
9563594
9230351
8128119
4564946
1824104
2497304
9109109
2588966
3880020
9493418
6716167
8599889
5379823
2634593
5826590
1868959
2277361
1725421
2651584
5906544
1286343
2410430
8621296
2407290
2814460
2249109
2294708
8644641
